1.63614e+08 8.03885e+07 7.41775e+07 1.47706e+06 60555.8 54649.4 54583.2 54565 54562 54556.7 
1.21482e+08 2.55826e+07 3.81333e+06 121521 55252 54662 54618.8 54605.4 54601.5 54578.4 
1.45927e+08 3.90523e+07 1.33605e+06 65510.9 55449.3 54804.7 54782.8 54763 54750.5 54729.8 
1.30221e+08 1.28768e+07 2.43637e+06 169282 56479.7 54843.2 54635.2 54585 54565.1 54558.8 
3.12603e+08 1.86326e+07 1.36594e+06 132867 55714.5 54757.6 54663.8 54655.4 54645.3 54642.4 
2.88532e+08 7.75728e+07 7.4582e+07 7.39735e+07 7.39681e+07 7.39681e+07 7.3968e+07 7.3968e+07 7.3968e+07 7.3968e+07 
2.06304e+08 4.0467e+07 3.64736e+06 122138 57597.7 54672 54576.7 54572.6 54551.2 54521.3 
1.34272e+08 2.24662e+07 2.26696e+06 60888.4 17193.2 15808.6 15790.5 15784.3 15767.6 15762.4 
1.83988e+08 2.35863e+07 4.09641e+06 1.10457e+06 74353.9 54820.9 54565.8 54565.8 54565.4 54560.2 
6.32842e+07 9.75658e+06 689266 120074 16572.2 15984.1 15825.7 15796 15774.8 15774.8 
7.68154e+07 2.98012e+07 2.75128e+06 176241 49643.5 26325.6 15971.8 15823.9 15821.9 15819.7 
9.56819e+07 6.42743e+06 1.92632e+06 89262.9 56617.3 55081.9 54785.8 54727.5 54727.5 54588.7 
3.92568e+08 6.16023e+07 2.89016e+06 131130 55585.1 54625.6 54575.9 54570.1 54555.1 54555.1 
3.9411e+08 1.53551e+07 1.77315e+06 92267.5 56121.4 54617 54571.1 54563.4 54551.2 54547.3 
1.7147e+08 1.00746e+07 1.32689e+06 56266.4 18261.2 15889.9 15833.6 15817.8 15808.1 15732.3 
8.50027e+07 2.41188e+07 4.80093e+06 944374 60494.8 54918.6 54683.6 54639.4 54634.8 54634.8 
9.83452e+07 1.33625e+07 1.46777e+06 99846.1 57120.5 54780 54717.2 54695.4 54666.8 54663.9 
6.42525e+07 1.10097e+07 850305 109479 23211.8 18386.1 16949.2 16026.4 15758 15746.8 
9.72962e+07 1.2334e+07 1.07282e+06 120089 55866.7 54644.7 54644.7 54629.2 54609.3 54593.7 
3.43489e+08 6.90433e+07 1.40702e+06 193175 55236.9 54900.1 54688 54557.8 54526.6 54515.1 
