3887.59 3887.11 3887.05 3887.05 3887.05 3887.05 3887.05 3887.05 3887.05 3887.05 
2915.13 2796.93 2795.81 2737.63 2716.78 2686.58 2676.48 2317.57 2300.8 2283.3 
2989.68 2906.46 2833.75 2580.29 2495.48 2455.16 2447.47 2382.82 2370.99 2318.08 
3095.21 3072.19 3060.53 3058.48 2903.34 2903.02 2903.01 2903.01 2903.01 2903.01 
2613.56 2439.25 2242.61 2057.86 1933.53 1873.32 1682.1 1246.4 1218.3 1184.3 
3679.12 3679.12 3679.12 3679.12 3679.12 3679.12 3679.12 3679.12 3679.12 3679.12 
3601.93 3601.3 3601.14 3601.14 3601.14 3601.14 3601.14 3601.14 3601.14 3601.14 
3702.33 3702 3701.98 3701.98 3701.98 3701.98 3701.98 3701.98 3701.98 3701.98 
3642.54 3642.42 3642.41 3642.41 3642.41 3642.41 3642.41 3642.41 3642.41 3642.41 
1610.66 1476.53 1228.69 1038.36 941.63 799.652 567.181 543.641 520.032 499.256 
3650.5 3650.08 3650 3650 3650 3650 3650 3650 3650 3650 
1361.93 1117.09 947.914 904.258 769.453 732.921 697.271 681.889 673.575 601.635 
3626.35 3625.78 3625.67 3625.67 3625.67 3625.67 3625.67 3625.67 3625.67 3625.67 
2040.53 1127.09 1065.09 862.847 799.137 745.264 700.694 640.382 637.505 612.498 
3117.05 2906.44 2638.88 2526.28 2375.6 2255.26 2102.75 2074.79 2071 2070.85 
3730.55 3727.7 3727.07 3727 3727 3727 3727 3727 3727 3727 
3295.94 3081.42 2974.93 2852.61 2768.7 2502.75 2424.12 1454.8 1372.96 1258.38 
3083.22 3042.62 3021.6 2918.39 2890.44 2739.37 2715.68 2715.48 2715.32 2715.32 
3142.89 3061.55 2858.76 2775.74 2664.22 2482.41 2471.49 2471.38 2471.38 2471.38 
3679.13 3679.12 3679.12 3679.12 3679.12 3679.12 3679.12 3679.12 3679.12 3679.12 
