1532.06 1532.06 1531.17 1531.17 1469.79 1452.39 1452.39 1452.39 1361.64 1361.64 
1944.77 1922.88 1860.58 1469.21 1455.41 1318.38 1318.38 1318.38 1318.38 1278.91 
1915.81 1915.81 1869.96 1699.72 1683 1683 1582.66 1437.32 1298.58 1298.58 
1798.89 1798.89 1798.89 1798.89 1798.89 1756.78 1756.78 1660.11 1660.11 1475.55 
1501.89 1501.89 1501.89 1501.89 1501.89 1501.89 1501.89 1501.89 1501.89 1501.89 
1779.63 1580.06 1580.06 1464.52 1464.52 1464.52 1268.6 1268.6 1268.6 1268.6 
1469.83 1469.83 1469.83 1469.83 1469.83 1469.83 1371.68 1371.68 1371.68 1275.09 
1868.34 1868.34 1407.5 1407.5 1407.5 1407.5 1400.05 1400.05 1400.05 1291.57 
1712.86 1712.86 1712.86 1712.86 1712.86 1712.86 1712.86 1712.86 1705.54 1705.54 
1872.47 1872.47 1269.46 1269.46 1269.46 1269.46 1269.46 1269.46 1187.19 1187.19 
