4469.97 3008.98 1830.87 1732.88 1200.71 894.031 667.14 452.518 392.769 387.435 
3924.7 3491.13 2909.74 2106.66 1551.4 1103.9 982.254 926.102 868.029 814.84 
3366.69 3225.23 2396.03 1606.56 1314.56 787.795 504.144 447.413 392.854 387.572 
5107.33 3870.76 2624.22 1830.21 1318.55 737.114 555.801 448.132 392.518 387.486 
4966.06 2417.93 1617.12 1517.77 859.761 713.289 564.471 453.631 398.89 387.629 
3236.17 3236.17 2360.59 1585.81 1307.82 826.585 566.372 453.401 395.959 387.651 
3867.69 2261.79 2261.79 1589.99 1068.94 726.72 577.051 432.783 409.709 391.098 
4494.55 2685.13 2151.06 1605.62 1127.71 801.884 646.601 494.778 417.205 390.733 
3220.4 2557.4 1900.14 1658.38 1180.52 957.196 625.22 485.374 422.745 417.631 
4373.69 3710.49 2220.49 1903.28 826.053 663.64 569.806 450.973 396.999 387.749 
4039.66 2955.65 2407.1 1400.55 1151.08 809.523 587.4 445.982 392.236 387.65 
4658.87 3310.48 1662.26 1662.26 1194.29 747.764 529.533 426.622 391.443 387.496 
2437.41 2137.28 1823.55 1554.49 1155.04 991.637 548.763 428.457 391.387 387.524 
3413.01 1807.57 1807.57 1376.53 1067.29 778.735 571.792 470.789 390.722 387.462 
4981.88 2922.76 2602.57 1887.79 1339.11 1033.65 657.38 469.529 398.987 387.594 
4867.32 2825.02 2365.04 1983.37 1253.27 853.602 596.781 440.172 397.683 387.837 
3616.17 3296.23 2259.27 1311.64 1036.75 797.769 635.559 490.575 431.505 389.708 
4184.64 2851.01 2347.86 1621.53 1001.32 667.894 528.593 469.869 392.189 388.819 
3256.6 2570.66 1905.7 1169.38 876.052 708.139 561.753 479.969 399.483 387.594 
3098.36 2726.73 1933.77 1427.54 1000.52 875.439 550.281 435.813 393.547 388.801 
