2223.59 1852.92 1537.08 1537.08 1537.08 1421.03 1421.03 1421.03 1171.42 1171.42 
1387.06 1387.06 1387.06 1387.06 1387.06 1387.06 1387.06 1387.06 1387.06 1387.06 
1812.01 1625.78 1625.78 1408.2 1408.2 1408.2 1404.94 1310.51 1310.51 1310.51 
2221.09 1549.8 1315.36 1240.03 1240.03 1240.03 1240.03 1240.03 1240.03 1240.03 
2286.71 2230.25 1606.46 1044.46 1044.46 1044.46 1044.46 1044.46 1044.46 1044.46 
1850.22 1813.24 1491.62 1491.62 1408.44 1408.44 1408.44 1408.44 1408.44 1408.44 
2488.3 2279.89 2044.59 1588.64 1588.64 1588.64 1588.64 1262.33 1262.33 1262.33 
2284.13 1335.8 1335.8 1335.8 1335.8 1335.8 1335.8 1292.59 1292.59 1292.59 
2447.31 1571.99 1450.08 1450.08 1309.6 1309.6 1309.6 1295.37 1261.39 1261.1 
2237.95 1930.27 1847.41 1847.41 1847.41 1847.41 1799.84 1449.84 1449.84 1449.84 
