7424.57 7122.07 6999.09 6999.09 6999.09 6999.09 6999.09 6999.09 6999.09 6966.74 
7816.03 7726.74 7507.03 7507.03 7424.58 7077.6 7077.6 7077.6 7077.6 7016.32 
3473.08 3473.08 2860.04 2205.76 1475.74 1205.53 841.145 273.974 221.281 117.287 
3840.31 3186.22 2496.83 2218.91 1532.2 730.398 440.064 180.906 115.13 100.384 
7562.25 7562.25 7517.2 7517.2 7517.2 7203.17 7203.17 6825.46 6825.46 6825.46 
7824.28 7644.15 7644.15 7551.47 7295.27 7295.27 7295.27 7225.06 7225.06 7225.06 
6651.35 6215.58 6215.58 6097.57 6043.55 5580.67 4348.79 2351.22 2303.98 2303.98 
7962.45 7175.24 7175.24 7175.24 7175.24 7175.24 7175.24 7175.24 7175.24 7175.24 
7432.03 7038.43 3593.8 2635.51 1860.11 847.906 460.783 280.589 122.803 102.065 
7890.89 7786.93 7718.86 7334.1 7334.1 6912.52 6912.52 6912.52 6907.53 6907.53 
7854.12 7285.71 7108.03 7108.03 7108.03 7108.03 7108.03 7108.03 7108.03 7108.03 
7854.87 7272.43 7272.43 6980.82 6334.34 6334.34 6000.16 4176.35 4008.9 3953.07 
7266.91 7266.91 7266.91 6927.55 6830.74 6830.74 6830.74 6830.74 6830.74 6830.74 
8035.14 7425.73 5584.3 4579.56 4231.49 4182.84 4117.23 4105.8 4035.07 4032.15 
7019.81 7019.81 6578.43 6578.43 6578.43 6578.43 6578.43 6578.43 6578.43 6578.43 
7202.45 7202.45 6775.38 6639.5 6639.5 6639.5 6639.5 6639.5 6639.5 6639.5 
7292.69 7047.37 6764.42 6764.42 6764.42 6764.42 6764.42 6764.42 6764.42 6764.42 
7884.66 7479.2 7479.2 7479.2 7265.96 6988.48 6988.48 6988.48 6960.01 6797.95 
7053.41 6798.66 6057.36 5896.37 5896.37 5545.11 5545.11 5483.43 5317.33 4757.58 
7288.81 6761.43 6761.43 6761.43 6761.43 6761.43 6651.24 6651.24 6489.56 6489.56 
