5.2488e+08 3.75582e+08 1.68028e+08 1.68028e+08 1.68028e+08 1.68028e+08 1.31638e+08 1.22157e+08 1.19372e+08 1.19101e+08 1.19056e+08 
4.81135e+08 4.81135e+08 4.81135e+08 4.81135e+08 2.49718e+08 2.49718e+08 2.49718e+08 2.49718e+08 2.49718e+08 2.49718e+08 2.49718e+08 
8.65676e+08 2.3471e+08 2.3471e+08 1.24518e+08 1.24518e+08 1.24518e+08 1.24518e+08 1.24518e+08 1.24518e+08 1.11929e+08 1.11929e+08 
1.39123e+09 1.2013e+09 1.04176e+09 1.04176e+09 1.04176e+09 9.15888e+08 9.15888e+08 9.15888e+08 8.43288e+08 6.20925e+08 5.27593e+08 
4.37937e+08 3.27969e+08 3.23123e+08 3.23123e+08 3.23123e+08 3.23123e+08 3.23123e+08 9.14842e+07 9.14842e+07 9.14842e+07 9.14842e+07 
5.57193e+08 3.90101e+08 3.90101e+08 3.83958e+08 2.46858e+08 2.1157e+08 1.79023e+08 1.79023e+08 1.45754e+08 1.45754e+08 1.17501e+08 
6.02401e+08 4.01373e+08 3.62801e+08 3.62801e+08 2.57409e+08 2.57409e+08 1.90766e+08 1.90766e+08 1.90766e+08 1.62537e+08 1.553e+08 
3.65894e+08 3.65894e+08 3.53564e+08 3.53564e+08 3.43893e+08 3.43893e+08 3.43893e+08 2.24383e+08 2.24383e+08 1.64078e+08 1.38585e+08 
2.73602e+08 2.73602e+08 2.73602e+08 1.94252e+08 1.94252e+08 1.94252e+08 8.18947e+07 8.18947e+07 8.18947e+07 2.87028e+07 2.87028e+07 
9.27462e+08 7.58987e+08 2.63506e+08 2.63506e+08 2.63506e+08 2.63506e+08 2.34494e+08 1.88387e+08 1.84233e+08 1.18238e+08 1.18238e+08 
4.24456e+08 4.24456e+08 3.89954e+08 1.43543e+08 1.43543e+08 1.43543e+08 1.43543e+08 1.43543e+08 1.43543e+08 1.29481e+08 1.29481e+08 
7.62239e+08 6.49148e+08 5.75399e+08 3.15094e+08 1.3293e+08 1.3293e+08 1.3293e+08 1.3293e+08 1.3293e+08 1.3293e+08 1.3293e+08 
1.22143e+09 8.03713e+08 8.03713e+08 5.85048e+08 5.73911e+08 1.95893e+08 1.75118e+08 1.63665e+08 1.58401e+08 1.58401e+08 1.58401e+08 
2.95579e+08 1.50453e+08 1.50453e+08 1.50453e+08 1.50453e+08 1.50453e+08 1.50453e+08 1.50453e+08 1.50453e+08 1.50453e+08 1.50453e+08 
6.02504e+08 4.34619e+08 3.19208e+08 3.19208e+08 3.19208e+08 3.19208e+08 2.42923e+08 2.42923e+08 1.97229e+08 1.6554e+08 7.84445e+07 
4.54192e+08 4.54192e+08 3.78502e+08 2.85326e+08 2.85326e+08 2.85326e+08 2.85326e+08 2.85326e+08 1.98956e+08 1.98956e+08 1.98956e+08 
9.8418e+08 4.83914e+08 4.83914e+08 3.35998e+08 3.35998e+08 3.35998e+08 3.35998e+08 3.35998e+08 3.35998e+08 3.35998e+08 3.35998e+08 
5.86661e+08 5.86661e+08 5.86661e+08 2.39683e+08 1.80016e+08 1.80016e+08 1.80016e+08 1.80016e+08 1.80016e+08 1.80016e+08 5.19602e+07 
2.55262e+08 2.55262e+08 2.55262e+08 2.55262e+08 1.88859e+08 1.32026e+08 1.32026e+08 1.32026e+08 1.32026e+08 1.24462e+08 1.24462e+08 
1.17715e+09 7.32239e+08 7.32239e+08 3.7441e+08 3.7441e+08 2.15241e+08 2.15241e+08 1.09421e+08 1.09421e+08 1.09421e+08 1.09421e+08 
